玄天劫 · 开局体验（FTUE）探针 —— 真实跑 game.js 帧循环，非人工估算
生成时间 2026-09-19T09:17:07.499Z

===== 模拟：站桩新手（不动，等怪来） =====
首次击杀 2.8s · 首次升级 4.3s · 首次掉落 0.6s · 首次挨打 3.3s
90s 累计：击杀 169 · 升级 17 次 · 拾取 26 · 挨打 56 次 · 同屏峰值 16 · 教程遮挡 9.0s

 秒  波次 同屏怪 累计击杀 等级 攻击 血量 拾取 挨打
   1     1     14        0    1     15    90     2    0
   2     1     15        0    1     15    90     2    0
   3     1     14        1    1     15    90     2    0
   4     1     12        3    1     15    86     2    2
   5     1      5       16    4     22   117     3    2
   6     1      6       16    4     22   110     3    4
   7     1      5       19    5   23.6   123     3    5
   8     1      4       20    5   23.6   125     3    5
   9     1      6       20    5   23.6   125     3    5
  10     1      4       22    5   23.6   127     4    5
  11     1      4       24    6   25.4   166     5    5
  12     1      6       24    6   25.4   166     5    5
  13     1      5       25    6   25.4   166     5    5
  14     1      5       27    6   25.4   166     5    5
  15     1      6       27    6   25.4   166     5    5
  16     1      5       28    6   25.4   166     5    6
  17     2      6       29    6   25.4   164     5    7
  18     2      7       31    7   27.3   179     5    8
  19     2      6       33    7   27.3   181     5    9
  20     2      6       34    7   27.3   181     5    9
  21     2      6       34    7   27.3   181     5    9
  22     2      6       35    8   29.4   197     5    9
  23     2      6       36    8   29.4   197     5    9
  24     2      5       39    8   29.4   197     6    9
  25     2      4       40    9   31.6   215     6    9
  26     2      5       41    9   31.6   215     6    9
  27     2      5       42    9   31.6   215     6    9
  28     2      4       43    9   31.6   215     6    9
  29     2      5       44    9   31.6   213     6   10
  30     2      4       45    9   31.6   213     6   11
  31     2      5       46   10   33.9   229     6   13
  32     2      4       49   10   33.9   235     6   13
  33     3      6       49   10   33.9   235     6   13
  34     3      9       51   10   33.9   235     6   13
  35     3     10       51   10   33.9   235     6   13
  36     3     10       52   10   33.9   235     7   13
  37     3     10       53   11   36.5   255     7   14
  38     3      7       58   11   36.5   256     9   14
  39     3      3       67   13   42.2   304    11   14
  40     3      5       67   13   42.2   304    11   14
  41     3      5       69   13   42.2   304    12   14
  42     3      4       70   13   42.2   304    12   14
  43     3      6       70   13   42.2   304    12   14
  44     3      6       71   13   42.2   304    12   14
  45     3      5       72   13   42.2   304    12   14
  46     3      6       73   13   42.2   304    12   14
  47     3      6       75   14   45.3   331    12   14
  48     3      5       77   14   45.3   331    12   14
  49     4      6       78   14   45.3   331    12   14
  50     4     10       85   14   45.3   331    13   14
  51     4     11       85   14   45.3   331    13   14
  52     4     12       85   14   45.3   331    13   14
  53     4     11       86   14   45.3   331    13   14
  54     4     11       87   14   45.3   331    13   14
  55     4      7       93   15   48.7   361    14   14
  56     4      7       96   15   48.7   354    14   16
  57     4      9       97   15   48.7   349    14   18
  58     4      9       99   15   48.7   347    14   20
  59     4     10       99   15   48.7   338    14   22
  60     4     11       99   15   48.7   327    14   24
  70     4      8      115   16   52.4   358    16   34
  80     5     11      153   17   56.3   429    25   41
  90     5     15      169   18   60.5   326    26   56

前 15 秒反馈事件 11 条：
   [0.0s] toast: 剑修 · 御剑清妖
   [0.6s] toast: 开局八妖 · 先割一波
   [0.8s] toast: 第 1 波 · 金行妖潮
   [4.3s] toast: 连杀 ×10
   [4.3s] toast: 悟道 · 破煞之眼 · 暴击 +6% · 暴伤 +12%
   [4.3s] toast: 悟道 · 噬血诀 · 击杀回血 +2
   [4.3s] toast: 悟道 · 罡气充盈 · 攻击 +18%
   [6.8s] toast: 悟道 · 御风诀 · 移速 +9%
   [7.6s] banner: 20 连斩 · 剑气纵横 174
   [10.3s] toast: 悟道 · 玄龟之息 · 生命上限 +20% 并回满该部分
   [12.1s] toast: 连杀 ×25 · 妖胆俱裂

===== 模拟：主动追击（朝最近怪走） =====
首次击杀 1.4s · 首次升级 5.5s · 首次掉落 0.6s · 首次挨打 2.1s
90s 累计：击杀 191 · 升级 18 次 · 拾取 31 · 挨打 77 次 · 同屏峰值 16 · 教程遮挡 9.0s

 秒  波次 同屏怪 累计击杀 等级 攻击 血量 拾取 挨打
   1     1     13        0    1     15    90     2    0
   2     1     15        2    1     15    90     2    0
   3     1     14        3    1     15    86     2    2
   4     1     14        3    1     15    82     2    4
   5     1     13        4    1     15    77     2    6
   6     1     12        5    2   16.1    81     2    8
   7     1     12        5    2   16.1    76     2   10
   8     1     10        7    2   16.1    84     2   12
   9     1     10        7    2   16.1    79     2   14
  10     1     10        8    2   16.1    74     2   16
  11     1     10        8    2   16.1    69     2   18
  12     1     10        9    3   17.3    86     2   20
  13     1     10       10    3   17.3    81     2   22
  14     1      9       11    3   17.3    78     2   23
  15     1      9       12    3   17.3    73     2   25
  16     1     10       13    3   17.3    68     2   27
  17     2     11       14    4   18.6    86     2   29
  18     2     12       16    4   18.6    79     2   31
  19     2     10       18    5   23.6    84     2   33
  20     2      4       24    6     30    93     2   34
  21     2      5       25    6     30    88     2   36
  22     2      5       27    6     30    85     2   37
  23     2      4       28    6     30    83     2   38
  24     2      5       29    7   32.2    92     2   39
  25     2      5       29    7   32.2    90     2   40
  26     2      4       31    7   32.2    88     2   42
  27     2      5       32    7   32.2    86     2   44
  28     2      4       35    8   34.7   105     2   44
  29     2      5       36    8   34.7   107     2   44
  30     2      4       37    8   34.7   121     3   44
  31     2      5       38    8   34.7   123     3   44
  32     2      5       39    9   37.2   140     3   44
  33     3      5       41    9   37.2   177     4   44
  34     3      9       42    9   37.2   179     4   44
  35     3     10       43    9   37.2   179     4   44
  36     3      9       45   10     40   195     4   44
  37     3      8       46   10     40   195     4   44
  38     3      7       48   10     40   195     4   45
  39     3      7       49   10     40   194     4   46
  40     3      5       53   11     43   213     4   46
  41     3      6       54   11     43   204     4   47
  42     3      6       54   11     43   185     4   49
  43     3      8       55   11     43   174     4   51
  44     3      6       58   11     43   185     5   53
  45     3      4       62   12   46.3   221     5   53
  46     3      5       65   12   46.3   243     6   53
  47     3      4       66   12   46.3   243     6   53
  48     3      5       69   12   46.3   243     6   53
  49     4      6       69   12   46.3   243     6   53
  50     4     12       71   12   46.3   243     7   53
  51     4     13       73   12   46.3   240     8   54
  52     4     11       75   12   46.3   243     8   55
  53     4     12       77   12   46.3   240     8   57
  54     4     10       80   13   49.7   265     8   57
  55     4      8       82   13   49.7   265     8   57
  56     4      9       84   13   49.7   265     8   57
  57     4      6       91   13   49.7   265     8   57
  58     4      6       98   14   53.5   289     9   57
  59     4      6      103   14   53.5   289    10   57
  60     4      6      103   14   53.5   289    10   57
  70     4      6      124   16     68   343    11   57
  80     5     12      160   17   73.1   431    20   59
  90     5      6      191   19   92.9   533    31   77

前 15 秒反馈事件 6 条：
   [0.0s] toast: 剑修 · 御剑清妖
   [0.6s] toast: 开局八妖 · 先割一波
   [0.8s] toast: 第 1 波 · 金行妖潮
   [5.5s] toast: 悟道 · 疾风剑意 · 攻速 +12%
   [11.2s] toast: 悟道 · 分化剑影 · 环绕飞剑 +1
   [12.0s] toast: 连杀 ×10
